
trade_company_west_africa = {
	color = { 50 0 200 }
	
	provinces = {
		1110 1112 1113 1114 1120 1123 1125 1126 1128 1131 1134 1496 1499 1503 1549 1550 5134 
		1552 1561 2218 2520 2758 2760 2767 2768 2769 2773 2776 2778 2786 2787 2788 2790 2871 
		2872 2873 2874 2875 2876 2877 2878 2880 2882 2883 2884 2885 2886 2887 2888 2889 2890 
		2892 2893 2894 2964 1096 2870 345 1111 2912 2759 2762 2911 2770 2906 2966 2891 4122 
		2194 979 2192 3671 5089 5090 5092 5028 5015 5016 5017 5018 5019 5020 5023 5024 
		5026 5025 5027 5005 5006 5007 4985 4986 4987 4990 5021 4994 4995 4996 5258 5259 5261 
		5263 5264 5265 5266 5267 5268 5269 5270 5271
	}
	
	# Specific
	# Generic
	names = {
		name = "TRADE_COMPANY_WEST_AFRICA_Root_GetName"
	}
	names = {
		name = "TRADE_COMPANY_WEST_AFRICA_Africa_Trade_Company"
	}
}

trade_company_niger_africa = {
	color = { 50 100 200 }
	
	provinces = {
		342 348 1105 1115 1116 1117 1118 1121 1124 1127 1129 1130 1229 1495 1497 1498 1501 5082 
		1525 1541 1542 1543 1544 1547 2504 2763 2764 2765 2766 2772 2774 2780 2781 2897 2898 5083 
		2899 2900 2902 2903 2904 2905 2907 2908 2909 2910 2913 2914 2916 2917 2918 2919 5084 5085 
		2923 2955 2956 2957 2958 2959 2960 2961 2963 2965 4115 4116 4117 1119 1223 5086 5087 5031 
		5029 5030 5014 5013 5012 5011 5010 5009 5008 5096 5032 5251 5252 5253 5254 5255 5094 5088 
		2922 5272 5262  1500 5105 5496
	}
	
	# Specific
	# Generic
	names = {
		name = "TRADE_COMPANY_NIGER_AFRICA_Root_GetName"
	}
	names = {
		name = "TRADE_COMPANY_NIGER_AFRICA_Africa_Trade_Company"
	}
}

trade_company_central_africa = {
	color = { 50 150 100 }
	
	provinces = {
		1122 1132 1133 1137 1147 1149 1182 1215 1218 1219 1220 1221 1222 1224 1225 1502 1524 1545 
		1546 1551 1553 1554 1555 1556 1557 1559 1560 1563 2496 2500 2771 2777 2789 2794 2915 2924 
		2925 2926 2927 2930 2931 2939 2945 2946 2947 2948 2949 2950 2953 3031 3316 3317 3318 3319 
        3320 4123 2895 1135 2316 2920 2921 2928 2929 4992 5091 5093 5108 5256 5257 5260 
	}
	
	# Specific
	# Generic
	names = {
		name = "TRADE_COMPANY_CENTRAL_AFRICA_Root_GetName"
	}
	names = {
		name = "TRADE_COMPANY_CENTRAL_AFRICA_Africa_Trade_Company"
	}
}

trade_company_kongo = {
	color = { 150 50 100 }
	
	provinces = {
		1098 1139 1140 1141 1142 1144 1145 1146 1154 1155 1156 1157 1158 1159 1504 1505 1506 1558 
		1562 2775 2879 2967 2973 2974 2975 2976 2977 2978 2979 2980 2981 4267 4268 4269 4270 4271 
		4272 3816 1138 2779 5222 5223 5218 5219 5220 
	}
	
	# Specific
	# Generic
	names = {
		name = "TRADE_COMPANY_KONGO_Root_GetName"
	}
	names = {
		name = "TRADE_COMPANY_KONGO_Africa_Trade_Company"
	}
}

trade_company_zimbabwe = {
	color = { 150 100 50 }
	
	provinces = {
		1136 1150 1153 1174 1178 1183 1184 1189 1192 1193 1196 1204 1492 1507 1578 1579 1586 2968 
		2969 2970 2988 2989 2990 2991 2992 2993 4241 4242 4243 4244 4245 4246 4247 4248 4249 4250 
		4251 4252 4253 4254 4255 4256 4257 4258 4259 4260 4261 4262 4263 4264 4265 4266 4273 4274 
		4275 4276 4277 4278 4279 4280 4282 
	}
	
	# Specific
	# Generic
	names = {
		name = "TRADE_COMPANY_ZIMBABWE_Root_GetName"
	}
	names = {
		name = "TRADE_COMPANY_ZIMBABWE_Africa_Trade_Company"
	}
}

trade_company_east_africa = {
	color = { 200 0 0 }
	
	provinces = {
		1100 1102 1103 1151 1176 1177 1180 1181 1185 1186 1187 1188 1190 1191 1195 1226 1227 1228 
		1518 1519 1521 1527 1528 1564 1565 2352 2983 2984 2985 2987 2994 2995 2996 2997 2998 3000 
		3893 3894 3895 3896 3897 3898 3899 3942 4283 3034 3056 3057 3059 1199 3033 3032 1566 1198 
		3035 3058 3061 4091 5136 5049 5050 5051 5052 5053 5054 5055 5056 5057 5058 5059 5060 5061 
		5062 5063 5065 5066 5067 5068 5069 5070 5164 5655 5656 
	}
	
	# Specific
	# Generic
	names = {
		name = "TRADE_COMPANY_EAST_AFRICA_Root_GetName"
	}
	names = {
		name = "TRADE_COMPANY_EAST_AFRICA_Africa_Trade_Company"
	}
}

trade_company_ethiopia = {
	color = { 14 127 95 }
	
	provinces = {
		3064 3020 1567 1568 3008 3066 1206 1207 3007 3045 1569 3065 1577 3011 3012 1570 3017 
		3016 3010 3025 3024 3026 3023 1572 1209 2792 1573 1216 3002 3029 3001 3030 3692 3693 3694 
		3890 3891 3892 3888 2544 2660 3009 2951 2952 3022 3889 
	}
	
	# Specific
	# Generic
	names = {
		name = "TRADE_COMPANY_ETHIOPIA_Root_GetName"
	}
	names = {
		name = "TRADE_COMPANY_ETHIOPIA_Africa_Trade_Company"
	}
}

trade_company_south_africa = {
	color = { 59 185 191 }
	
	provinces = {
		1160 1161 1162 1163 1164 1165 1166 1167 1168 1169 1171 1173 1175 1580 1581 
		1582 1583 1584 2881 2982 2986 1170 5221 5227 5228 5229 5230 5231 
	}
	
	# Specific
	# Generic
	names = {
		name = "TRADE_COMPANY_SOUTH_AFRICA_Root_GetName"
	}
	names = {
		name = "TRADE_COMPANY_SOUTH_AFRICA_Africa_Trade_Company"
	}
}
