
# declared first to be overwritten in case of conflicts
natives_european = {
	graphical_culture = westerngfx
	color = { 127  255  255 }
	icon = 10
	
	unit = eastern_hospite_infantry
	provinces = {
		# western europe
		44 45 46 47 48 49 50 51 52 53 54 55 56 57 58 59 60 61 63 64 65 66 69 70 71 72 
		74 75 76 77 78 79 80 81 82 83 84 85 86 87 88 89 90 91 92 93 94 95 96 97 98 99
		100 132 134 167 168 169 170 171 172 173 177 178 180 183 184 186 187 188 189 190
		191 192 193 195 264 265 266 267 268 269 270 391 973 974 1252 1253 1277 1278 1335 1349
		1350 1351 1352 1353 1356 1357 1358 1359 1360 1361 1362 1363 1364 1365 1366 1367
		1368 1369 1370 1371 1372 1373 1384 1386 1387 1388 1509 1510 1511 2187 2234 2239 2240 
		2307 2329 2330 2331 2332 2353 2354 2356 2360 2362 2363 2364 2365 2366 2367 2370 
		2383 2449 2450 2451 2561 2614 2615 2616 2617 2618 2619 2620 2621 2622 2623 2633 
		2637 2756 2757 2795 2812 2813 2831 2835 2844 2847 2849 2850 2843 3374 3375 3376 3378 3379 3380
		# central europe
		36 37 38 39 40 41 42 43 133 135 153 158 159 160 161 162 254 255 256 257 258 259
		260 261 262 263 271 272 273 274 275 276 280 283 284 289 296 297 299 311 381 1263
		1264 1265 1267 1269 1270 1271 1272 1273 1274 1275 1276 1279 1280 1281 1282 1354 
		1391 1393 1394 1395 1398 1400 1404 1405 1406 1429 1430 1432 1433 1531 1859 2236 
		2275 2355 2375 2376 2377 2378 2379 2380 2398 2399 2400 2401 2436 2506 2507 2535
		2536 2537 2626 1844 2845 2834 2814 2815 2816 2841 2842 2837 2838 2839 2840 2832
		2833 2836 2846 2848 3397 3398 3399 3400
		# northern europe (maybe conflicts with inuits)
		1 2 3 4 5 6 7 8 9 10 11 12 13 14 15 16 17 18 19 20 21 22 23 24 25 26 27 28 29 30 31
		32 35 67 233 234 235 236 237 238 239 240 241 242 243 244 245 246 247 248 249 250
		251 252 253 369 370 371 372 373 374 375 376 399 409 427 1250 1251 1255 1256
		1257 1258 1259 1260 1262 1266 1283 1410 1411 1412 1416 1417 1428 1514 2386
		2512 2515 2529 2754 2755 3323 3324 3325 3326 3327 3328 3329 3330 3331 3332 3333 3334
		3335 3336 3337 3338
		# southern europe
		62 68 73 101 102 103 104 105 106 107 108 109 110 111 112 113 114 115 116 117 118
		119 120 121 122 123 124 125 126 127 128 129 130 131 136 137 138 139 140 141 142
		144 145 146 147 148 149 150 151 152 154 155 156 157 163 164 165 166 174 175 176 
		179 181 182 185 194 196 197 198 199 200 201 202 203 204 205 206 143 207 208 209
		210 211 212 213 214 215 216 217 218 219 220 221 222 223 224 225 226 227 228 229
		230 231 232 333 357 976 1247 1254 1268 1284 1285 1323 1345 2372 1346 1347 1348 
		1355 1374 1375 1376 1377 1378 1379 1380 1381 1382 1383 1385 1389 1390 1392 1396
		1397 1399 1401 1402 1403 1407 1408 1409 1413 1414 1415 1420 1421 1422 1423 1424
		1425 1426 1427 1434 1436 1448 1450 1508 1512 1513 1591 1845 1848 1858 2237 2238
		2241 2242 2308 2309 2310 2311 2312 2313 2314 2334 2335 2357 2358 2359 2361 2368
		2369 2371 2373 2374 2381 2382 2384 2385 2387 2388 2389 2390 2391 2392 2448 2452
		2453 2454 2473 2501 2514 2530 2531 2532 2533 2534 2550 2562 2563 2564 2565 2566
		2567 2571 2611 2612 2624 2625 2749 1767 805 2124 2137 2851 2852 2853 2854 2855 2856 2857 2858 3322
		3346 3347 3348 3349 3350 3351 3352 3353 3354 3355 3356 3357 3358 3359 3360 3361 3362 3363 3364
		3365 3366 3367 3368 3369 3370 3371 3372 3373 3377 3381 3382 3383 3384 3385 5045 
		#eastern europe (maybe conflicts with steppes)
		34 277 278 279 282 285 286 287 290 291 292
		293 294 295 298 300 301 302 303 304 305 306 307 308 309 310 312 313
		314 315 1083 1194 1217 1286 1287 1288 1289 1290 1291 1292 1293 1294 1295 1296
		1297 1298 1299 1302 1303 1304 1305 1307 1308 1309 1310 1311 1312 1343 1344 
		1431 2274 2437 2438 2439 2443 2444 2545 2546 2548
		2573 2580 2582 2583 2656 3401
	}
}

natives_mesoamerican = {
	graphical_culture = southamericagfx
	color = { 255  0  0 }
	icon = 1
	
	unit = mesoamerican_archer_infantry
	provinces = {
		#Mesoamerica
		834 835 836 837 838 839 840 841 842 843 844 845 846 847 848 849 850 851 852 853
		854 855 856 857 859 860 861 862 864 879 880 881 882 883 1463 
		1467 1468 1469 1470 1471 1472 1473 1474 1709 1710 1711 
		1734 2200 2201 2202 2203 2204 2205 2206 2207 2208 2209 2402 2403 2404 2405
		2406 2407 2408 2409 2410 2411 2412 2413 2414 2415 2416 
		2597 2598 2599 2600 2601 2602 2603 2604 2638 2639 2640 2641 2642 2643 2644 2645 2646
		2647 2648
		3507 3508 3509 3510 3511 3512 3513 3514 3515 3516 3517 3518 3519 3520 3521 3522 3523
		3524 3525 3526 3527 3528 3529 3530 3531 3532 3533 3534 3535 3536 3537 3538 3539 3540
		3541 3542 3543 3544 4040 4041 5518 5519 5520 
	}
}

natives_caribbean = {
	graphical_culture = northamericagfx
	color = { 255  255  0 }
	icon = 1
	
	unit = mesoamerican_archer_infantry
	provinces = {
		484 2591 1540 485 3546 1539 486 
		1537 488 1536 490 489 1538 
		491 487 483 482 481 2592 
		492 493 2596 494 495 496 497 
		498 499 500 2595 501 2594 2593 502 
	}
}

natives_african = {
	graphical_culture = africangfx
	color = { 180  180  80 }
	icon = 2
	
	unit = sudanese_free_skirmisher_infantry
	provinces = {
		# east africa
		1150 1151 1153 1170 1174 1175 1176 1177 1178 1179 1180 1197 1198 
		1181 1183 1185 1186 1187 1188 1189 1190 1191 1192 1193 1195 1196 1199 
		1200 1201 1202 1203 1204 1205 1206 1207 1209 1216 1226 1227 1228 
		1507 1518 1519 1521 1527 1528 1564 1565 1566 1567 1568 1569 1570 1571 
		1572 1573 1574 1575 1576 1577 1578 1579 1586 1492 2352 2503 
		2951 2952 2968 2969 2970 2982 2983 2984 2985 2986 2987 2988 2989
		2990 2991 2992 2993 2994 2995 2996 2997 2998 2650 2792 3321
		3000 3001 3002 3006 3007 3008 3010 3011 3012 3013 3014 3015 3016
		3017 3018 3019 3020 3021 3022 3023 3024 3025 3029 3030
		3032 3033 3034 3035 3036 3037 3038 3039 3040 3041 3042 3043 3044 3045
		3046 3047 3048 3049 3050 3053 3054 3055 3056 3057 3058 3059
		3061 3063 3064 3065 3066 3067 4945 4960 4982 4984 5005 5006 5007 5016
		5018 5019 5020 5021 5023 5084 5089
		# south africa
		1160 1161 1162 1163 1164 1165 1166 1167 1168 1169 1171 1173
		1580 1581 1582 1583 1584 2881 5221 5227 5229 5230 5231
	}
}

natives_indonesian = {
	graphical_culture = indiangfx
	color = { 255  255  80 }
	icon = 3
	
	unit = indonesian_simbalan_infantry
	provinces = {
		#Indonesia
		407 420 574 617 618 619 620 621 622 623 624 625 626 627 628 629 630 631 632 633
		634 635 636 637 638 639 640 641 642 643 644 645 646 647 648 649 651 652 653 654
		655 656 657 658 659 714 716 738 777 907 1042 1234 1245 1642 2088 2089
		2090 2091 2092 2093 2094 2095 2096 2097 2098 2099 2100 2101 2102 2103 2104 2105
		2106 2107 2108 2109 2110 2111 2213 2214 2215 2216 2217 2430 2431 2432 2433 2434 
		2525 2586 
		3339 3340 3341 3342 3345 3446 773 3448 3450 3343 3344 1237 2585
		3940 4044
		#West India Ocean
		421 1100 1101 1102 1103 1248
		#Taiwan
		2303 2304 2305
		# for gamey reasons
		367 368 562 565 1096 1098 2520 3194
		3205 3206 3816
	}
}

natives_eskimo = {
	graphical_culture = inuitgfx
	color = { 127  255  255 }
	icon = 4
	
	unit = steppes_spear_infantry
	provinces = {
		#North America
		874
		908 909 975 977 978 979 991 992 994 995 996 997 998 999
		1000 1002 1003 1004 1005 1007 1009 1010 1011
		1336
		1517 1530
		2159 2160 2161 2168 2169 2186 2188 2189 2190 2191 2192 2193 2194 2196 2197
		2475 2481
		3638 3653 3654 3655 3656 3661 3662 3663 3668 3669 3670 3671 3672
		#Greenland
		1104
		#Scandinavia
		33 891 1261 2327
	}
}

natives_steppes = {
	graphical_culture = muslimgfx
	color = { 255  255  80 }
	icon = 5
	
	unit = steppes_spear_infantry
	provinces = {
		# the 4 prov close to MOS
		288 1865 2440 2547
		# western siberia
		281 480 1065 1066 1067 1069 1070 1071 1072 1074 1075 1077 1078 1079
		1080 1082 1306 1529 2152 2153 2154 2271 2441 2442 2445 2446 4023 4112
		# eastern siberia
		1035 1036 1037 1038 1039 1040 1044 1045 1047 1049 1051 1052 1054 1055 1056 1059 1060 
		1062 1063 1064 2155 2156 2157 2158 3249 3250 3251 3253 3255 4202 4203 4204 4205 4206 4208 4209
		4194 4195 4200
		# aynu region
		1019 1025 1034 2299 2300 2301 2302 2744 
		# transcaspia
		386 462 439 441 3286 3841 4232
	}
}

natives_polynesian = {
	graphical_culture = indiangfx
	color = { 255  255  80 }
	icon = 6
	
	unit = indian_spearmen_infantry
	provinces = {
		#Oceanian
		506 513 650 799 810 817 822 1084 1085 1086 1087 1088 1090 1091 1092 1093 1094 1097
		1106 1107 1108 1109 1230 1231 1232 1233 1235 1236 1238 1239 1240 1241 1242 1243
		1244 1246 1249 1341 1342 2123 2126 2127 2128 2129 2130 2131 2132 2133 2134 2135 2136
		2138 2139 2140 2146 2151 2516 2527 2587 2588 2589 2590 2608 2610 4012
		4013 4014 
	}
}

natives_southamerican = {
	graphical_culture = southamericagfx
	color = { 0 255  0 }
	icon = 7
	
	unit = southamerican_club_infantry
	provinces = {
		741 742 743 744 745 746 747 748 749 750 751 752 753 754 755 756 757 758 759 760
		761 762 763 764 765 766 767 768 769 770 771 772 774 775 776 778 779 780 781 782
		783 784 785 786 787 788 789 790 791 792 793 794 795 796 797 798 800 801 802 803
		804 806 807 808 809 811 812 813 814 815 816 818 819 820 821 823 824 825 826 827
		828 829 830 831 832 833 1095 1475 1476 1477 1478 1479 1480 1481 1482 1483 1484
		1485 1486 1487 1488 1490 1491 2065 2066 2067 2068 2069 2070 2071 2072 2074 2075
		2076 2077 2079 2080 2081 2084 2087 2165 2338 2339 2340 2341 2342 2343 2344 2345
		2346 2347 2348 2349 2350 2351 2459 2460 2483 2487 2489 2495 2609 2752 3402 
		3403 3404 3405 3406 3407 3408 3409 3410 3411 3412 3413 3414 3415 3416 3417 3418 
		3419 3420 3421 3422 3423 3424 3425 3426 3427 3428 3429 3430 3431 3432 3433 3434 
		3435 3436 3437 3438 3439 3440 3441 3442 3443 3444 3445 3447 3449
		3451 3452 3453 3454 3455 3456 3457 3458 3459 3460 3461 3462 3463 3464 3465 3466 
		3467 3468 3469 3470 3471 3472 3473 3474 3475 3476 3477 3478 3479 3480 3481 3482 
		3483 3484 3485 3486 3487 3488 3489 3490 3491 3492 3493 3494 3495 3496 3497 3498 
		3499 3500 3501 3502 3503 3504 3505 3506 4080 5508 
	}
}

natives_northamerican = {
	graphical_culture = northamericagfx
	color = { 255  0  0 }
	icon = 8
	
	unit = north_american_plains_warrior_infantry
	provinces = {
		#North America
		858 863 865 866 867 868 869 870 871 872 873 875 876 877 878 884 885 886 887 
		888 889 890 892 893 894 895 896 897 898 899 900 901 902 903 904 905 906 910 911 
		912 913 914 915 916 917 918 919 920 921
		922 923 924 925 926 927 928 929 930 931 932 933 934 935 936 937 938 939 940 941
		942 943 944 945 946 947 948 949 950 951 952 953 954 955 956 957 958 959 960 961
		962 963 964 965 966 967 968 969 970 971 972 980 981 982 983 984 985 986 987 988
		989 990 993 1001 1008 1418 1419 1451 1452 1453 1454 1455 1456 1457 1458 1459 1460 
		1461 1462 1464 1465 1466 1489 1493 1494 1663 1697 1733 1735 1821 1822 1823 1824
		2166 2167 2171 2172 2173 2174 2175 2176 2177 2178 2179 2180 2181 2182 2183 2184 
		2185 2195 2198 2199 2469 2671 2785 4956 4957 
		# the 1.19 additions
		3547 3548 3549 3550 3551 3552 3553 3554 3555 3556 3557 3558 3559 3560 3561 3562
		3563 3564 3565 3566 3567 3568 3569 3570 3571 3572 3573 3574 3575 3576 3577 3578
		3579 3580 3581 3582 3583 3584 3585 3586 3587 3588 3589 3590 3591 3592 3593 3594
		3595 3596 3597 3598 3599 3600 3601 3602 3603 3604 3605 3606 3607 3608 3609 3610
		3611 3612 3613 3614 3615 3616 3617 3618 3619 3620 3621 3622 3623 3624 3625 3626
		3627 3628 3629 3630 3631 3632 3633 3634 3635 3636 3637 3639 3640 3641 3642 3643 
		3644 3645 3646 3647 3648 3649 3650 3651 3652 3657 3658 3659 3660 3664 3665 3666 
		3667 3673 3674 3675 3676 3677 3678 3679 3680 3681 3682 3683 3684 3685 3686 3687 
		3688 3689 3690 3691 3695 3696
	}
}

natives_maghreb = {
	graphical_culture = muslimgfx
	color = { 180  180  80 }
	icon = 9
	
	unit = muslim_mashain_walker_infantry
	provinces = {
		# north africa
		334 335 336 337 338 339 340 341 343 344 346 347 349 350 351 353 354 355 356 
		358 359 360 361 362 363 366
		1208 1210 1211 1212 1213 1214
		1338 1339 1340 
		1500 1515 1516 1522 1523 1524 1526 1532 1533 1534 1535 1547 1548 1585
		2315
		2497 2498 2499
		2528 2543 2544
		2649 2657 2658 2659 2660 2661 2662 2663 2666 2667
		2751
		2859 2860 2861 2862 2863 2864 2865 2866 2867 2868 2869 2896 2932 2933 2934
		2935 2936 2937 2938 2939 2940 2941 2942 2943 2944 2954 2962 2971 2972 2999
		3003 3004 3009 3026 3027 3028
		1182 1545 1559 2772 2915 2930 2931 4115 4116 4117 4122 3051 3052 3062 3060
		# plus
		1147 1148 1543 2504 1115 342 345 2771 2870 1218 2953 2496 2500 3031 
		#middle_east
		332 364 377 378 379 380 382 383 384 385 388 389 392 393 394 395 396 397 398
		400 401 402 403 404 410 411 412 415 428 465 466 467 469 470 473 474 1319
		1320 1322 1324 1327 1328 1329 1330 1331 1332 1334 2224 2230 2538 2539 2559
		2575 2634 2635 2636 2651 2652 2653 2654 2655 2665 2726 2807 2808 2809 2810
		2811 3068 3069 3070 3071 3072 3073 3074 3075 3076 3077 3084 3085 3086 3087 3088
		3089 3091 3093
		# baltistan
		2116
		# baluchistan
		437 448 575 576 3100
	}
}

natives_west_african = {
	graphical_culture = africangfx
	color = { 180  180  80 }
	icon = 12
	
	unit = sudanese_free_skirmisher_infantry
	provinces = {
		# central africa
		1133 1136 1138 1139 1140 1141 1142 1144 1145 1146 1149 1154 1155 1156 1157
		1158 1159 1184
		1215 1219 1220 1221 1222 1223 1224 1225
		1504 1505 1506 1558 1560 1562 1563
		2509
		2775 2777 2779 2791
		2879
		2945 2946 2947 2948 2950 2967 2973 2974 2975 2976 2977 2978 2979 2980 2981
		3316 3317 3318 3319 3320 4249 4253 4258 4259 4260 4266 4271 4272 5218 5219 5220 5222 5223
		# west africa
		348
		1105 1110 1111 1112 1113 1114 1116 1117 1118 1119 1120 1121 1122 1123 1124
		1125 1126 1127 1128 1129 1130 1131 1132 1134 1135 1137 1229 1495 1496 1497 1498
		1499 1501 1502 1503 1525 1541 1542 1544 1546 1549 1550 1551 1552 1553
		1554 1555 1556 1557 1561
		2218 2316
		2758 2759 2760 2761 2762 2763 2764 2765 2766 2767 2768 2769 2770 2773
		2774 2776 2778 2780 2781 2786 2787 2788 2789 2790 2794
		2871 2872 2873 2874 2875 2876 2877 2878 2880 2882 2883 2884 2885 2886 2887
		2888 2889 2890 2891 2892 2893 2894 2895 2897 2898 2899
		2900 2901 2902 2903 2904 2905 2906 2907 2908 2909 2910 2911 2912 2913 2914
		2916 2917 2918 2919 2920 2921 2922 2923 2924 2925 2926 2927 2928 2929
		2949 2955 2956 2957 2958 2959 2960 2961 2963 2964 2965 2966
		# the 3 new provinces in Ethiopia
		3692 3693 3694
		3894 3897
	}
}

natives_miscellaneous = {
	graphical_culture = africangfx
	color = { 10  10  10 }
	icon = 12
	
	unit = sudanese_free_skirmisher_infantry
	provinces = {
		1012 1014 3919 3928 3997 4091 4129 4130 4131 4132 4133 4134 4135 4136 4137 4138 4139 4140 4141 4142 
		4143 4144 4145 4146 4147 4148 4149 4150 4151 4152 4153 4154 4155 4156 4157 4158 4159 4160 4161 4162 
		4163 4164 4165 4166 4167 4168 4169 4170 4171 4172 4173 4174 4175 4176 4177 4178 4179 4180 4181 4182 
		4183 4196 5050 5051 5052 5053 5055 5056 5057 5058 5063 5064 5086 5087 5088 5090 5105 5107 5108 5160 
		5164 5228 5234 5235 5236 5237 5238 5239 5240 5251 5252 5253 5254 5255 5256 5257 5258 5259 5260 5261 
		5262 5263 5264 5265 5266 5267 5268 5269 5270 5271 5272 5273 5274 5275 5276 5277 5279 5280 5281 
		5282 5283 5511 5512 5513 5514
	}
}
